0.000000 1.000000 1.000000 1.000000
0.025000 1.000000 1.000000 1.000000
0.050000 1.000000 1.000000 1.000000
0.075000 1.000000 1.000000 1.000000
0.100000 1.000000 1.000000 0.999079
0.125000 1.000000 0.999491 0.998160
0.150000 1.000000 0.999151 0.997243
0.175000 1.000000 0.997459 0.996850
0.200000 0.999256 0.997143 0.995185
0.225000 0.999256 0.996616 0.993894
0.250000 0.998783 0.995941 0.993226
0.275000 0.998783 0.994245 0.992516
0.300000 0.997770 0.993463 0.991775
0.325000 0.996660 0.992802 0.990174
0.350000 0.996660 0.992058 0.989449
0.375000 0.995995 0.991247 0.986783
0.400000 0.995828 0.990694 0.985020
0.425000 0.994510 0.989327 0.983367
0.450000 0.994078 0.987009 0.981506
0.475000 0.992300 0.984686 0.978453
0.500000 0.991362 0.982979 0.976248
0.525000 0.990829 0.980611 0.972931
0.550000 0.989747 0.978586 0.970251
0.575000 0.989337 0.975159 0.966687
0.600000 0.988953 0.972343 0.962593
0.625000 0.988341 0.968328 0.958110
0.650000 0.987274 0.963743 0.952336
0.675000 0.986530 0.959189 0.946804
0.700000 0.984752 0.954084 0.938643
0.725000 0.984752 0.946305 0.930011
0.750000 0.981364 0.938406 0.917837
0.775000 0.978215 0.926039 0.899743
0.800000 0.975879 0.910884 0.876641
0.825000 0.973892 0.889095 0.831344
0.850000 0.969981 0.851384 0.572946
0.875000 0.964180 0.746983 0.000000
0.900000 0.957056 0.515525 0.000000
0.925000 0.943751 0.000000 0.000000
0.950000 0.879479 0.000000 0.000000
0.975000 0.617909 0.000000 0.000000
1.000000 0.000000 0.000000 0.000000
