0.000000 1.000000 1.000000 1.000000
0.025000 1.000000 1.000000 1.000000
0.050000 1.000000 1.000000 1.000000
0.075000 1.000000 1.000000 1.000000
0.100000 1.000000 1.000000 1.000000
0.125000 1.000000 1.000000 1.000000
0.150000 1.000000 1.000000 1.000000
0.175000 1.000000 1.000000 1.000000
0.200000 1.000000 1.000000 1.000000
0.225000 1.000000 1.000000 1.000000
0.250000 1.000000 1.000000 0.999665
0.275000 1.000000 1.000000 0.999665
0.300000 1.000000 0.999788 0.999539
0.325000 1.000000 0.999660 0.999292
0.350000 1.000000 0.999660 0.998948
0.375000 1.000000 0.999660 0.998895
0.400000 1.000000 0.999205 0.998505
0.425000 1.000000 0.999102 0.998268
0.450000 1.000000 0.998728 0.998058
0.475000 1.000000 0.998661 0.997677
0.500000 1.000000 0.998220 0.997243
0.525000 1.000000 0.998063 0.996676
0.550000 0.999695 0.997805 0.995414
0.575000 0.999464 0.997349 0.994581
0.600000 0.999464 0.996826 0.993819
0.625000 0.999464 0.996042 0.992755
0.650000 0.999227 0.994544 0.990800
0.675000 0.999008 0.993533 0.988530
0.700000 0.998805 0.992595 0.986496
0.725000 0.998385 0.990948 0.983685
0.750000 0.998216 0.988086 0.980664
0.775000 0.998058 0.985106 0.975812
0.800000 0.997701 0.980870 0.968923
0.825000 0.997367 0.976336 0.958677
0.850000 0.996856 0.968793 0.946162
0.875000 0.996375 0.956295 0.926269
0.900000 0.995367 0.936088 0.874614
0.925000 0.992449 0.902797 0.639954
0.950000 0.988494 0.620358 0.000000
0.975000 0.958965 0.571636 0.000000
1.000000 0.691399 0.000000 0.000000
