0.000000 0.999996 0.999996 0.999996
0.025000 0.999939 0.999938 0.999936
0.050000 0.999939 0.999930 0.999926
0.075000 0.999935 0.999926 0.999924
0.100000 0.999929 0.999924 0.999920
0.125000 0.999928 0.999920 0.999918
0.150000 0.999927 0.999919 0.999916
0.175000 0.999925 0.999917 0.999916
0.200000 0.999925 0.999917 0.999915
0.225000 0.999922 0.999917 0.999914
0.250000 0.999921 0.999916 0.999578
0.275000 0.999920 0.999915 0.999578
0.300000 0.999919 0.999703 0.999452
0.325000 0.999918 0.999573 0.999203
0.350000 0.999917 0.999573 0.998858
0.375000 0.999917 0.999573 0.998804
0.400000 0.999917 0.999117 0.998411
0.425000 0.999917 0.999013 0.998172
0.450000 0.999917 0.998639 0.997960
0.475000 0.999916 0.998570 0.997577
0.500000 0.999915 0.998128 0.996955
0.525000 0.999915 0.997969 0.996307
0.550000 0.999611 0.997710 0.995053
0.575000 0.999379 0.997252 0.994149
0.600000 0.999379 0.996514 0.993320
0.625000 0.999379 0.995534 0.992121
0.650000 0.999142 0.994048 0.989973
0.675000 0.998922 0.993051 0.987389
0.700000 0.998718 0.992032 0.985065
0.725000 0.998297 0.990398 0.982049
0.750000 0.998128 0.987213 0.978537
0.775000 0.997968 0.983932 0.973231
0.800000 0.997611 0.979107 0.965982
0.825000 0.997276 0.974401 0.955203
0.850000 0.996764 0.966267 0.941848
0.875000 0.996281 0.953444 0.920786
0.900000 0.995082 0.932305 0.867830
0.925000 0.992169 0.897803 0.633606
0.950000 0.988387 0.615236 0.000000
0.975000 0.958858 0.566864 0.000000
1.000000 0.691321 0.000000 0.000000
