0.000000 1.000000 1.000000 1.000000
0.025000 1.000000 1.000000 1.000000
0.050000 1.000000 1.000000 1.000000
0.075000 1.000000 1.000000 1.000000
0.100000 1.000000 1.000000 1.000000
0.125000 1.000000 1.000000 1.000000
0.150000 1.000000 1.000000 0.999693
0.175000 1.000000 0.999717 0.999539
0.200000 1.000000 0.999717 0.999539
0.225000 1.000000 0.999717 0.998977
0.250000 1.000000 0.999491 0.998895
0.275000 1.000000 0.999075 0.998828
0.300000 1.000000 0.998940 0.998619
0.325000 0.999581 0.998826 0.997737
0.350000 0.999581 0.998728 0.997112
0.375000 0.999581 0.998474 0.995961
0.400000 0.999581 0.998252 0.995185
0.425000 0.999295 0.997459 0.994394
0.450000 0.999295 0.996756 0.993590
0.475000 0.999295 0.995462 0.992490
0.500000 0.998661 0.994680 0.990869
0.525000 0.998479 0.993612 0.989577
0.550000 0.998479 0.992645 0.987507
0.575000 0.998049 0.991326 0.985313
0.600000 0.998049 0.989498 0.983905
0.625000 0.997860 0.987721 0.982186
0.650000 0.997685 0.985232 0.979039
0.675000 0.997524 0.982664 0.976338
0.700000 0.996185 0.980378 0.973158
0.725000 0.996087 0.977421 0.968542
0.750000 0.994446 0.973950 0.963818
0.775000 0.992915 0.969103 0.956492
0.800000 0.991691 0.961647 0.946258
0.825000 0.990944 0.953485 0.934053
0.850000 0.989275 0.940530 0.914028
0.875000 0.987332 0.921282 0.875265
0.900000 0.983339 0.885748 0.617947
0.925000 0.976300 0.753254 0.000000
0.950000 0.964286 0.557965 0.000000
0.975000 0.671242 0.000000 0.000000
1.000000 0.000000 0.000000 0.000000
