idx1,idx2,t_x,t_y,t_z,q_w,q_x,q_y,q_z
643,456,-4.3284934319736,-5.76281697543767,-0.74519599142,0.999709198802746,0.0168596885066202,0.000616225985072419,-0.0172304671488069
0,456,0.960934483080504,1.8221339090776,-0.174172942948,0.543717415764284,-0.00582557221576676,0.0111554518084263,-0.839173992922753
645,189,-0.666134774322387,4.30285330421818,-0.121591196312,0.765295644462435,0.00352529959341506,0.00844996765427172,0.643613818120963
2,458,0,0,0,1,0,0,0
189,270,0,0,0,1,0,0,0
646,189,0,0,0,1,0,0,0
3,273,0,0,0,1,0,0,0
189,273,0,0,0,1,0,0,0
273,458,0,0,0,1,0,0,0
647,635,0,0,0,1,0,0,0
179,192,0,0,0,1,0,0,0
191,635,0,0,0,1,0,0,0
459,635,0,0,0,1,0,0,0
648,461,0,0,0,1,0,0,0
191,274,0,0,0,1,0,0,0
649,178,0,0,0,1,0,0,0
6,178,0,0,0,1,0,0,0
7,178,0,0,0,1,0,0,0
177,274,0,0,0,1,0,0,0
192,446,0,0,0,1,0,0,0
275,462,0,0,0,1,0,0,0
650,177,0,0,0,1,0,0,0
8,193,0,0,0,1,0,0,0
177,463,0,0,0,1,0,0,0
275,633,0,0,0,1,0,0,0
651,9,0,0,0,1,0,0,0
9,176,0,0,0,1,0,0,0
176,276,0,0,0,1,0,0,0
195,445,0,0,0,1,0,0,0
277,464,0,0,0,1,0,0,0
652,175,0,0,0,1,0,0,0
9,196,0,0,0,1,0,0,0
176,196,0,0,0,1,0,0,0
277,465,0,0,0,1,0,0,0
653,278,0,0,0,1,0,0,0
11,279,0,0,0,1,0,0,0
174,466,0,0,0,1,0,0,0
278,442,0,0,0,1,0,0,0
465,630,0,0,0,1,0,0,0
654,467,0,0,0,1,0,0,0
12,442,0,0,0,1,0,0,0
197,442,0,0,0,1,0,0,0
442,467,0,0,0,1,0,0,0
655,467,0,0,0,1,0,0,0
172,281,0,0,0,1,0,0,0
199,468,0,0,0,1,0,0,0
656,468,0,0,0,1,0,0,0
200,282,0,0,0,1,0,0,0
13,201,0,0,0,1,0,0,0
201,282,0,0,0,1,0,0,0
658,470,0,0,0,1,0,0,0
16,470,0,0,0,1,0,0,0
659,17,0,0,0,1,0,0,0
17,203,0,0,0,1,0,0,0
660,204,0,0,0,1,0,0,0
204,285,0,0,0,1,0,0,0
661,286,0,0,0,1,0,0,0
662,288,0,0,0,1,0,0,0
165,287,0,0,0,1,0,0,0
663,288,0,0,0,1,0,0,0
165,289,0,0,0,1,0,0,0
664,20,0,0,0,1,0,0,0
20,290,0,0,0,1,0,0,0
207,290,0,0,0,1,0,0,0
290,477,0,0,0,1,0,0,0
208,291,0,0,0,1,0,0,0
23,478,0,0,0,1,0,0,0
211,292,0,0,0,1,0,0,0
669,26,0,0,0,1,0,0,0
26,481,0,0,0,1,0,0,0
670,213,0,0,0,1,0,0,0
213,482,0,0,0,1,0,0,0
27,483,0,0,0,1,0,0,0
672,29,0,0,0,1,0,0,0
29,296,0,0,0,1,0,0,0
297,484,0,0,0,1,0,0,0
673,301,0,0,0,1,0,0,0
30,300,0,0,0,1,0,0,0
31,299,0,0,0,1,0,0,0
32,298,0,0,0,1,0,0,0
216,300,0,0,0,1,0,0,0
217,485,0,0,0,1,0,0,0
218,487,0,0,0,1,0,0,0
300,485,0,0,0,1,0,0,0
674,33,0,0,0,1,0,0,0
674,302,0,0,0,1,0,0,0
31,303,0,0,0,1,0,0,0
33,219,0,0,0,1,0,0,0
33,488,0,0,0,1,0,0,0
34,302,0,0,0,1,0,0,0
218,303,0,0,0,1,0,0,0
219,489,0,0,0,1,0,0,0
221,299,0,0,0,1,0,0,0
300,489,0,0,0,1,0,0,0
675,32,0,0,0,1,0,0,0
675,487,0,0,0,1,0,0,0
676,489,0,0,0,1,0,0,0
678,36,0,0,0,1,0,0,0
33,490,0,0,0,1,0,0,0
35,490,0,0,0,1,0,0,0
222,303,0,0,0,1,0,0,0
679,36,0,0,0,1,0,0,0
35,491,0,0,0,1,0,0,0
223,491,0,0,0,1,0,0,0
680,306,0,0,0,1,0,0,0
37,306,0,0,0,1,0,0,0
224,492,0,0,0,1,0,0,0
681,307,0,0,0,1,0,0,0
38,492,0,0,0,1,0,0,0
307,493,0,0,0,1,0,0,0
38,494,0,0,0,1,0,0,0
307,494,0,0,0,1,0,0,0
39,227,0,0,0,1,0,0,0
40,309,0,0,0,1,0,0,0
685,497,0,0,0,1,0,0,0
42,310,0,0,0,1,0,0,0
686,43,0,0,0,1,0,0,0
42,230,0,0,0,1,0,0,0
44,311,0,0,0,1,0,0,0
687,230,0,0,0,1,0,0,0
688,231,0,0,0,1,0,0,0
231,313,0,0,0,1,0,0,0
689,233,0,0,0,1,0,0,0
690,47,0,0,0,1,0,0,0
46,502,0,0,0,1,0,0,0
234,502,0,0,0,1,0,0,0
691,503,0,0,0,1,0,0,0
234,317,0,0,0,1,0,0,0
692,236,0,0,0,1,0,0,0
236,504,0,0,0,1,0,0,0
236,319,0,0,0,1,0,0,0
694,238,0,0,0,1,0,0,0
320,506,0,0,0,1,0,0,0
239,507,0,0,0,1,0,0,0
697,509,0,0,0,1,0,0,0
698,322,0,0,0,1,0,0,0
699,510,0,0,0,1,0,0,0
700,326,0,0,0,1,0,0,0
702,59,0,0,0,1,0,0,0
59,327,0,0,0,1,0,0,0
246,327,0,0,0,1,0,0,0
328,515,0,0,0,1,0,0,0
247,328,0,0,0,1,0,0,0
60,330,0,0,0,1,0,0,0
705,330,0,0,0,1,0,0,0
62,330,0,0,0,1,0,0,0
249,517,0,0,0,1,0,0,0
706,332,0,0,0,1,0,0,0
63,517,0,0,0,1,0,0,0
332,518,0,0,0,1,0,0,0
63,333,0,0,0,1,0,0,0
251,332,0,0,0,1,0,0,0
708,252,0,0,0,1,0,0,0
65,333,0,0,0,1,0,0,0
709,252,0,0,0,1,0,0,0
66,252,0,0,0,1,0,0,0
253,335,0,0,0,1,0,0,0
710,254,0,0,0,1,0,0,0
711,336,0,0,0,1,0,0,0
68,336,0,0,0,1,0,0,0
337,522,0,0,0,1,0,0,0
256,337,0,0,0,1,0,0,0
713,257,0,0,0,1,0,0,0
70,257,0,0,0,1,0,0,0
339,525,0,0,0,1,0,0,0
70,526,0,0,0,1,0,0,0
258,526,0,0,0,1,0,0,0
715,527,0,0,0,1,0,0,0
258,341,0,0,0,1,0,0,0
716,259,0,0,0,1,0,0,0
259,528,0,0,0,1,0,0,0
717,342,0,0,0,1,0,0,0
720,264,0,0,0,1,0,0,0
721,347,0,0,0,1,0,0,0
264,532,0,0,0,1,0,0,0
722,79,0,0,0,1,0,0,0
79,348,0,0,0,1,0,0,0
348,533,0,0,0,1,0,0,0
80,349,0,0,0,1,0,0,0
724,267,0,0,0,1,0,0,0
725,82,0,0,0,1,0,0,0
81,351,0,0,0,1,0,0,0
82,538,0,0,0,1,0,0,0
84,536,0,0,0,1,0,0,0
352,537,0,0,0,1,0,0,0
726,539,0,0,0,1,0,0,0
85,538,0,0,0,1,0,0,0
727,352,0,0,0,1,0,0,0
728,353,0,0,0,1,0,0,0
729,87,0,0,0,1,0,0,0
730,543,0,0,0,1,0,0,0
731,543,0,0,0,1,0,0,0
89,358,0,0,0,1,0,0,0
90,359,0,0,0,1,0,0,0
735,92,0,0,0,1,0,0,0
736,548,0,0,0,1,0,0,0
361,548,0,0,0,1,0,0,0
737,549,0,0,0,1,0,0,0
738,95,0,0,0,1,0,0,0
362,550,0,0,0,1,0,0,0
96,552,0,0,0,1,0,0,0
97,366,0,0,0,1,0,0,0
367,553,0,0,0,1,0,0,0
99,367,0,0,0,1,0,0,0
368,554,0,0,0,1,0,0,0
100,369,0,0,0,1,0,0,0
744,102,0,0,0,1,0,0,0
102,370,0,0,0,1,0,0,0
745,370,0,0,0,1,0,0,0
371,558,0,0,0,1,0,0,0
103,558,0,0,0,1,0,0,0
747,559,0,0,0,1,0,0,0
373,560,0,0,0,1,0,0,0
374,560,0,0,0,1,0,0,0
750,107,0,0,0,1,0,0,0
375,562,0,0,0,1,0,0,0
108,376,0,0,0,1,0,0,0
752,378,0,0,0,1,0,0,0
753,110,0,0,0,1,0,0,0
379,565,0,0,0,1,0,0,0
110,567,0,0,0,1,0,0,0
380,567,0,0,0,1,0,0,0
112,566,0,0,0,1,0,0,0
113,381,0,0,0,1,0,0,0
382,568,0,0,0,1,0,0,0
114,570,0,0,0,1,0,0,0
759,116,0,0,0,1,0,0,0
115,385,0,0,0,1,0,0,0
117,383,0,0,0,1,0,0,0
384,572,0,0,0,1,0,0,0
760,118,0,0,0,1,0,0,0
115,387,0,0,0,1,0,0,0
118,385,0,0,0,1,0,0,0
119,387,0,0,0,1,0,0,0
386,574,0,0,0,1,0,0,0
761,388,0,0,0,1,0,0,0
762,388,0,0,0,1,0,0,0
120,388,0,0,0,1,0,0,0
121,577,0,0,0,1,0,0,0
765,578,0,0,0,1,0,0,0
766,122,0,0,0,1,0,0,0
123,578,0,0,0,1,0,0,0
767,580,0,0,0,1,0,0,0
768,124,0,0,0,1,0,0,0
769,125,0,0,0,1,0,0,0
126,580,0,0,0,1,0,0,0
770,582,0,0,0,1,0,0,0
771,127,0,0,0,1,0,0,0
128,582,0,0,0,1,0,0,0
128,398,0,0,0,1,0,0,0
773,585,0,0,0,1,0,0,0
399,584,0,0,0,1,0,0,0
130,586,0,0,0,1,0,0,0
775,131,0,0,0,1,0,0,0
132,587,0,0,0,1,0,0,0
132,401,0,0,0,1,0,0,0
777,134,0,0,0,1,0,0,0
778,590,0,0,0,1,0,0,0
135,591,0,0,0,1,0,0,0
780,592,0,0,0,1,0,0,0
137,405,0,0,0,1,0,0,0
138,591,0,0,0,1,0,0,0
406,593,0,0,0,1,0,0,0
781,407,0,0,0,1,0,0,0
138,594,0,0,0,1,0,0,0
407,594,0,0,0,1,0,0,0
782,408,0,0,0,1,0,0,0
139,409,0,0,0,1,0,0,0
406,595,0,0,0,1,0,0,0
783,409,0,0,0,1,0,0,0
784,596,0,0,0,1,0,0,0
785,598,0,0,0,1,0,0,0
411,597,0,0,0,1,0,0,0
143,411,0,0,0,1,0,0,0
787,599,0,0,0,1,0,0,0
788,600,0,0,0,1,0,0,0
789,146,0,0,0,1,0,0,0
146,601,0,0,0,1,0,0,0
146,417,0,0,0,1,0,0,0
791,416,0,0,0,1,0,0,0
792,604,0,0,0,1,0,0,0
793,604,0,0,0,1,0,0,0
794,152,0,0,0,1,0,0,0
151,420,0,0,0,1,0,0,0
795,152,0,0,0,1,0,0,0
421,607,0,0,0,1,0,0,0
155,610,0,0,0,1,0,0,0
155,424,0,0,0,1,0,0,0
424,611,0,0,0,1,0,0,0
156,425,0,0,0,1,0,0,0
800,157,0,0,0,1,0,0,0
426,612,0,0,0,1,0,0,0
158,426,0,0,0,1,0,0,0
802,428,0,0,0,1,0,0,0
428,614,0,0,0,1,0,0,0
804,161,0,0,0,1,0,0,0
161,616,0,0,0,1,0,0,0
805,617,0,0,0,1,0,0,0
430,618,0,0,0,1,0,0,0
164,432,0,0,0,1,0,0,0
433,620,0,0,0,1,0,0,0
809,286,0,0,0,1,0,0,0
167,286,0,0,0,1,0,0,0
435,621,0,0,0,1,0,0,0
167,622,0,0,0,1,0,0,0
168,623,0,0,0,1,0,0,0
16,168,0,0,0,1,0,0,0
169,437,0,0,0,1,0,0,0
813,625,0,0,0,1,0,0,0
814,282,0,0,0,1,0,0,0
171,200,0,0,0,1,0,0,0
282,438,0,0,0,1,0,0,0
815,198,0,0,0,1,0,0,0
172,628,0,0,0,1,0,0,0
198,440,0,0,0,1,0,0,0
281,628,0,0,0,1,0,0,0
816,12,0,0,0,1,0,0,0
12,173,0,0,0,1,0,0,0
279,628,0,0,0,1,0,0,0
817,198,0,0,0,1,0,0,0
10,174,0,0,0,1,0,0,0
11,173,0,0,0,1,0,0,0
198,279,0,0,0,1,0,0,0
443,466,0,0,0,1,0,0,0
818,278,0,0,0,1,0,0,0
9,442,0,0,0,1,0,0,0
175,631,0,0,0,1,0,0,0
443,631,0,0,0,1,0,0,0
820,176,0,0,0,1,0,0,0
821,193,0,0,0,1,0,0,0
178,445,0,0,0,1,0,0,0
822,446,0,0,0,1,0,0,0
823,447,0,0,0,1,0,0,0
824,182,0,0,0,1,0,0,0
181,450,0,0,0,1,0,0,0
825,182,0,0,0,1,0,0,0
183,451,0,0,0,1,0,0,0
826,639,0,0,0,1,0,0,0
184,639,0,0,0,1,0,0,0
827,268,0,0,0,1,0,0,0
185,454,0,0,0,1,0,0,0
268,639,0,0,0,1,0,0,0
