idx1,idx2,t_x,t_y,t_z,q_w,q_x,q_y,q_z
643,456,-4.363284697845658,-5.442852199391168,-0.3950226393898228,0.9995363109443316,0.016981992857915927,0.011652256985026968,-0.02242765992084461
0,456,0.8651373697386087,1.7123970907922355,-0.04144614771343403,-0.5347604689536513,0.017259523820635704,0.006926991445498939,0.8447990095114162
645,189,-0.7543885161499881,4.342278563221758,-0.2510782394917822,0.7659967260758753,-0.0020742185799144525,0.0028886289147869518,0.6428346358756005
2,458,-5.94873423793265,-2.55033368041118,-0.23184366512730373,0.8899039091081614,-0.0046455495169602165,-0.0027004035230898215,-0.4561163878271763
189,270,-7.38461032323203,-1.9047467323829486,-0.15340072914439354,-0.04109065531849999,-0.0006759711937052548,0.004924236832865449,0.9991430593263686
646,189,-0.336204182828293,3.787519184691026,-0.1408331342921846,0.7555370428479556,0.0029032375188377765,0.001491406662349303,-0.6550977971285227
3,273,3.807421132286921,-9.667469661967734,0.07643622675359793,0.9606422410679459,0.02942042911030926,0.009162238544228275,0.2760742226499578
189,273,15.336322617047186,3.433936120793031,0.14452388047572506,0.6882848900041039,-0.00610922878322417,-0.022247017227923903,0.7250735533310904
273,458,0.7878918374964459,10.512888647769017,-0.2651688721498249,0.9970816359609462,-0.006811522934210325,-0.00951181809234698,0.07544096832184702
647,635,-6.738474652059919,-1.5687292604925833,-0.31187712534564155,0.99881468329685,-0.03972400485284225,-0.012626619729395508,-0.025135638907213938
179,192,4.437052493741609,2.45634402100199,-0.3328363299416733,0.9080530958903061,-0.05766044013382042,0.053887241190110874,0.4113526636895928
191,635,-7.177531076869617,0.9266406727113546,0.3882736706585705,0.9279214374534315,-0.013014451774862714,0.03167230240493544,-0.3711998049834181
459,635,-5.238472077166083,4.8029578927761545,-0.007242231381618556,0.8444727843253375,-0.02942239233287275,0.003727591030605203,-0.5347767239029118
648,461,2.8796386646067544,8.203631741542868,0.47639241724478754,-0.508810693887864,-0.008564986137537839,-0.024184898116774062,0.8604960252673428
191,274,-10.141951074061447,1.9428284023645443,0.4362745687348674,0.886296202201689,-0.011917495643214218,0.02757392082164416,-0.46214358607577627
649,178,21.630389036754273,-2.619078063145236,31.981814394146525,0.08548800783809579,0.3371493316767538,0.9308436591985467,0.11203664934141802
6,178,-3.6683985879658265,0.8230062217085208,-0.5076482797173296,0.9956404343685445,0.014749768514000162,-0.03447563699139433,-0.08540491925666267
7,178,0.8827013817598692,3.490772212109522,1.0140999805597557,0.47814188307873984,-0.529066804329672,0.6108572126105382,-0.34397982790272597
177,274,-16.45168035408303,-4.752545079159872,0.553418568688518,0.22526845539093218,0.007280513605070948,0.01767659945145869,0.9741091596732179
192,446,-2.872321723673685,-0.5677747083945777,0.1534278447159199,0.5717700248661611,-0.0670128741365707,-0.028527344198689065,0.8171747083687032
275,462,0.7308467964765832,3.7598475978356767,0.32435259648995923,0.847304572331078,0.02502659060163949,-0.020519770348709263,0.5301203358620977
650,177,-2.825554817381701,-0.8358899848006995,-0.11849496060330952,0.43940211593024847,-0.010223912687648214,-0.017042175783685845,0.8980706076751057
8,193,1.8821754778850184,18.87352839987706,-1.2192878293587734,-0.6315070671197388,0.01358133615280746,0.008446043450729383,0.775205157255909
177,463,-9.582795067189167,-4.738618091875249,-0.2619353953028778,0.6930961249347214,0.07230597505882376,-0.023771048763445806,0.7168155584332359
275,633,3.4548076901087685,4.540073978429953,-0.08750983559027531,0.7877918176282365,-0.01363009511282073,0.03826215756169168,-0.6146009110666361
651,9,10.015045026654517,-5.005548796963021,0.15774643369414296,0.99752616040208,0.005259093154576525,0.007995321067477208,-0.06964176974850154
9,176,-3.5872907051550222,-3.9038629183941627,-0.08528868221012181,0.28804149933353995,-0.03487361131315588,-0.09623206045145273,0.9521319847778107
176,276,8.524624816162673,-2.3749290569449104,-0.05554129641581243,0.9988291955020322,0.03906244416974642,-0.0041225085747172005,0.028237715759246957
195,445,-14.385312323049053,10.204458923992366,-0.15969064809318564,0.5620104904487988,0.0026613939309560897,-0.0017833122154104128,0.8271238996700478
277,464,0.832314164861253,2.7489621796333386,0.19600871204296047,0.948089235789577,0.006762743776402911,-0.009217512767326106,0.31779884161987537
652,175,-2.5331661884578565,-4.324769833401101,-0.002091920322331511,0.7739139645592927,-0.03343734065714231,-0.04410221846584807,0.6308677468663988
9,196,1.8332467371587104,-1.0417942217442204,0.05367533691112385,0.6186370695555344,0.0027867807639893978,-0.011684336824940652,0.7855850598742797
176,196,-8.240407478585285,-4.1123333057980584,0.3697490945006583,0.8625316340500789,-0.019072671925347548,-4.8074877497857126e-05,-0.5056435613525944
277,465,7.854240920549861,11.564016054138973,-0.12111556619345717,0.9665911292714122,-0.011292067492976591,0.003949510442572512,-0.25604390129978494
653,278,-2.8146502231762813,-2.1055574935603727,0.16682169587282777,0.9962252755394028,0.0032412098885592866,0.0006656693922739799,0.08674244531461914
11,279,0.5544220200176202,5.170315792951945,0.07932023664382416,-0.5071573253014414,-0.004182018672908335,0.005502168682013727,0.8618257853259567
174,466,-5.848171363524661,-2.61613648664553,-0.7176484875281035,-0.13191560503515695,-0.11007855649080613,-0.1109171111990636,0.9788658636362612
278,442,11.480337686242038,0.7468834608892698,-0.38605209203487045,0.2974774306587846,0.005641758375631511,-0.03529223311016667,0.9540596454589076
465,630,3.0604457691647413,0.2183346570312573,-0.07334107144563876,0.7790816656079762,0.025694691521902263,0.025233472532227713,0.6258872206756271
654,467,10.794372350047384,-3.2753897220871,-0.809562533148483,0.9344240906226565,0.00733019455360299,-0.013319517876796132,-0.35583771238495426
12,442,-12.578476495548745,4.726610552057706,0.32527993881491324,0.6521604860008634,-0.03270587763710095,-0.04194399063538177,0.7562127529450186
197,442,-4.700710719279885,-0.6597815835149542,-0.16459458884215333,0.9932588624419252,-0.03203676020642944,-0.032974078217958724,-0.1064104710154241
442,467,-0.7779529794871458,3.524748128267559,0.6834340224031581,0.9999839082677677,0.00027912292876003776,0.00020314420965225594,-0.005662510780678929
655,467,-1.3730518420310978,-1.360597024467739,-0.13796910154314682,-0.12311836007183076,0.004766611156234559,0.01033269112379912,0.992326752801439
172,281,0.2747069687089042,-2.2979347036525017,-0.17959515523733516,0.9761326978565614,0.034882216787547896,0.006410244811502899,-0.21425941260237308
199,468,-3.75070405517629,1.8678681563067547,-0.08534565613359923,0.9717861207577301,-0.0005712290993956387,-0.0002552185439651923,0.23586297730558134
656,468,-2.390443716335572,0.3040488839321472,0.012282409671314574,0.8971827805865284,0.0025313783080096186,-0.0013671368612354848,0.44165006654555095
200,282,0.47733339635078453,-0.5808591856685913,-0.05592880761133441,0.7442308149594259,-0.0009081482038647555,0.004193168238632799,-0.6679087412751769
13,201,4.343437533693525,12.32038922903638,-0.3868933185340822,0.002480814027856612,-0.002083750460784239,-0.0017391784248317642,0.9999932393792385
201,282,-38.59307862090394,-50.382603103713805,-19.167308406445795,0.5311866471382122,-0.20473939358436274,0.7974377672873445,0.20003883103174427
658,470,1.7487883439770098,0.8026349911107921,-0.056167893352174494,0.24862168306975366,-0.01763306665632776,0.0002518553323239357,0.9684401221741838
16,470,-9.562879786518089,2.151806364731559,0.5419567949690768,0.6369193699508342,-0.005832398186274008,-0.0032737455106478753,0.7709014086789312
659,17,10.30060633288222,-2.208164356946661,-0.6005214595938106,0.999519255361014,0.01610336710928913,0.002036554321053785,-0.026415756222465763
17,203,-5.2533233494098255,0.46498343357456,0.12036854659418886,0.9723977993756859,-0.0031218289428724282,-0.000986924140655886,-0.23330623638067471
660,204,-2.0028331681462705,-2.0526225729171186,0.12116821601478008,0.8364475580578943,0.0012074264884760523,0.008748125217598074,0.5479758161136655
204,285,7.809553267361099,-1.8533547128185233,0.10484717854957043,0.962935223496867,0.0010528274708809708,0.00037385203448074317,0.26973043420795434
661,286,-4.163001267637641,2.3089785659299116,-0.039334905934546395,0.9792595877745418,0.013876004938169031,-0.028377869156102558,-0.2001319883995295
662,288,-1.6636673896038516,10.836598207096415,-0.4746894332268097,-0.1746906187974716,-0.04823338129487446,-0.012311078310291053,0.9833642082076497
165,287,5.41028616181312,-4.069660341580832,-0.07439486057161727,0.7401464384501126,0.01413703333577205,-0.04792052623389305,0.670587068995178
663,288,2.2809484587774245,-1.6500220076603855,0.11388716302906607,-0.39318870096991276,-0.005589990959403312,0.0048122266636307694,0.9194282135681959
165,289,-14.038585884383595,5.389035135356982,0.05770244001646889,0.9990789788456101,0.036609297580035,-0.02229153471217229,-0.002010183992952758
664,20,4.150062310268581,5.881568109056033,-0.563146084933837,0.4140133548753589,0.06737580145129599,0.03158718970753507,0.9072241689957483
20,290,-4.323672595425834,13.948528792703351,0.05659689721144023,-0.31160065200808096,0.0012438278375766342,0.008204743094029911,0.950176914448678
207,290,7.754749977826538,-9.084659563130863,0.20121787269642288,0.8809561532697645,-0.0008494429366275908,0.0012905805508702654,0.4731953812799511
290,477,0.06237005704598593,-2.7344138335237944,0.021587252890660644,-0.3783968680856718,0.0009092362624620012,-0.003314776922417149,0.9256370756221514
208,291,4.880379054505668,-8.722409476048298,0.09597066038251703,0.726775021307857,0.007832814168274119,0.0008961002251576555,-0.6868303374411733
23,478,1.5603029281297087,-2.7116852742193527,0.020943136878176418,-0.610286014273558,0.0005722466962714407,0.0031314193303521487,0.7921747581997237
211,292,-1.5875280273948515,-10.194524734432923,-0.17300229697632422,0.999412478271696,-0.0004600540323152722,-0.0006257353667644207,0.03426507085013474
669,26,-0.18874571640292234,1.6245325656764804,-0.12616381366344825,0.7691253276849489,-0.006015816041622779,-0.0041293473937011865,-0.6390563267513869
26,481,-6.469285262498962,2.3376152649788553,0.5878732998717302,0.990787590862212,0.05246029168678957,-0.013325009871594648,0.12413827653674255
670,213,5.1987621660141174,-1.145732662633847,-0.047318426077019075,0.794908196125747,0.009802831476407594,-0.003114323766994618,0.6066425349533533
213,482,-1.2452715982707026,14.067142893122533,-0.29389828849751476,0.9922709754073094,0.0020594735156503267,0.015060914617892017,0.12315534411440598
27,483,0.18363751546793877,-15.42671467852379,1.4243621959669441,0.3714444144399954,-0.013047626627977333,0.004813997866294994,0.9283510283536338
672,29,8.040866304738051,-2.910120566990134,-0.04458444739484149,0.7003079989362611,-0.011061984166637095,-0.002385656661894897,0.7137511105241646
29,296,6.520255137341677,15.187778080625558,0.5589515746633021,0.7816028486377035,0.005042313626605779,0.013332208775628253,-0.6236135135513671
297,484,0.3201782856226195,-0.08870430703301291,-0.19017895339372426,-0.5335335887571221,0.002072823531960705,-0.003372016365489366,0.8457696155432531
673,301,-10.791679591937788,2.3495763336176876,0.06384269378278343,-0.0643021322425725,-0.01575119726580095,0.04313917212422462,0.996873185215747
30,300,7.674752180951778,4.211012764663613,0.06089155816646106,-0.12898403201361208,0.005431457866666791,-0.012400384524522941,0.991554259339648
31,299,-0.9951523447346668,3.109621884680718,0.2831462068286043,-0.05449916615740547,-0.022742408588059725,0.035982118390448126,0.9976060900455134
32,298,5.734051336278788,3.2518064067295156,0.02695485870623285,0.9805799364781849,-0.023319990076659632,-0.00350681661204572,-0.19469686303716574
216,300,-4.1793355499267575,5.309887675512125,0.2157105626486101,0.7159972767636268,0.0006152935187060246,-0.009556022318437944,-0.6980373940688318
217,485,-1.9205391430789018,-5.427688621328128,-0.03175410668697001,0.904924866778657,-0.0021464624959086557,-0.0034113439107564558,-0.42555227753720937
218,487,-3.077490359433147,-1.829137161846471,-0.2553198298716988,0.9902551433910014,0.0005125869139925188,0.002446531592282337,0.13924260384483977
300,485,7.017082928645607,6.355883732099532,-0.5831495087663434,0.5378478734536789,0.004954236298470749,0.010227409203526702,0.8429653140343544
674,33,-5.727810405081794,-2.918753234893352,-0.5916201044109565,0.9255326738598024,-0.01614963341419472,0.0005467729979750514,-0.37832282510813503
674,302,-7.325016960689853,-0.7701107074357709,0.9456964548217067,0.9997871458186319,-0.004245131946050383,0.0003692015219230174,0.020186767963951975
31,303,-5.385136754109478,-7.772491246004365,0.4288188651658383,0.9796147209192122,-0.0036239162313274637,-0.009775874384292366,0.20061480022556882
33,219,-0.9703638938610532,2.457686967151457,0.7245315726847217,0.7666425321800442,0.008528782961370428,-0.0044337899992885,0.642002203438594
33,488,3.7157335865865972,0.5011971017214413,-0.05588390806780037,0.8853215163954259,-0.008138600758502366,-0.011093471530715627,-0.46477576386295644
34,302,-3.1296344692789866,-1.4234647778651806,0.22091030582756632,0.617185685680835,-0.03517739771152324,-0.006953324468028481,0.7860000199489598
218,303,1.7958216913483416,16.926235923484246,0.2269476182262179,-0.1782412213845829,0.02895334084005231,0.020930917339332424,0.9833380231399913
219,489,-4.580723476090536,-6.326738763975116,-0.11175167009188183,0.8697299605467838,-0.00022298421039147133,-0.0004350694040614327,0.4935276656074568
221,299,1.601155876611876,-9.713833192988563,-0.8203991025817154,0.9460055528606176,0.03157112237133173,0.012122114109437577,0.3223814705261601
300,489,6.647473426532098,-5.97658838012149,-0.31424799502393097,0.2015879497278918,0.010242605818653489,0.0004755496905383071,0.9794167455190056
675,32,1.7688029255174247,1.746572438157904,0.3032309879682225,0.33275762555644206,-0.006038890551011684,0.010574403154954063,0.9429337603632973
675,487,-3.5649203199837856,2.8075680335985056,-0.47958318459760413,0.9042260674950362,0.017818939248315836,-0.01099349472643778,-0.426540557673273
676,489,2.618040273855774,6.816682055986337,0.06407263038449218,-0.5547955072121283,-0.02134726217610328,0.011668925554833879,0.8316309732995866
678,36,-4.135354647821559,-7.201416166044208,0.07746780541149396,0.7973887492642701,0.005585194450730702,-0.0032623862994532425,0.6034313092518017
33,490,9.220249171506518,-7.3430682700479615,0.34754757605973147,-0.661091326120167,0.00020299801656079538,-0.0014622862667176971,0.7503039910858522
35,490,-3.8715741245917,0.524756288099497,-0.009477868115620788,0.7859822094157242,0.0073566208491481775,-0.002404056741387295,0.618200668976379
222,303,-5.865391242426914,3.6589700077299523,-0.32987916848598775,0.9681396431216828,-0.018966117696630945,0.0034849997173738716,0.2496673237985068
679,36,-0.7876866726733074,-2.7054668397608204,0.037203109073494105,0.7816115239952947,0.0085625366131618,-0.00022334068943026747,0.6237067088331163
35,491,-10.097817505273063,2.672676272687291,-0.03220140688604461,0.2462726682509731,0.0050726101110494535,0.0020231133676388807,0.9691851982523821
223,491,-0.5698418099766749,-1.9414982591866015,-0.07004089557708168,-0.21684717358639344,0.0093657530264025,-0.0065440683718825466,0.97613869974865
680,306,2.684083668679662,-3.373502323261755,0.08708800833763941,0.8092595371028305,-0.005829135563607849,0.004358763432066535,-0.5874061831203659
37,306,-0.5729952251335032,-0.1775811303293589,0.2791771651271365,-0.10150293741323645,-0.0017043901233993776,0.0004306804422759237,0.9948336862336078
224,492,-1.778256926212903,-2.013210397354965,-0.294829153809797,0.8112034931346708,0.011426501726017887,-0.013564945323063793,0.5844949273028772
681,307,1.0007694214709828,-6.2140189779164885,-0.028345200780737122,0.7926356369527316,0.00039409196447889714,0.011397593595000541,-0.6095889488698956
38,492,0.5219832689827387,9.37596449507711,-0.07383051915179994,0.9184572024711627,-0.0011992375233722654,-0.009220594499199687,0.39541106420444216
307,493,-2.6264467540325196,0.33317450888349165,-0.13788964828451564,-0.2736008269533923,-0.0037371161881780374,-0.005181081289430394,0.9618221134127081
38,494,-1.3107328186506364,-5.904407348347006,-0.1209222234963786,0.839804216244857,0.005148115165683142,-0.0005268169327791597,-0.5428647140416493
307,494,5.558653013651522,-0.5300786960027944,-0.002707616642709262,0.9836262270105806,-0.007352858088981431,-0.010820402533511369,0.17974509702316208
39,227,-6.543496636103695,-0.3445615406464587,-0.029266019646349107,0.9150568265313126,-0.0006194401439397624,0.00034328248968518236,-0.40332431450320916
40,309,7.183163315355743,-5.172010489577419,-0.2879746941143276,0.9787878114919507,0.001946335067686465,0.004730035960733274,-0.20481274036156064
685,497,1.9061415943103164,-5.147793046246929,0.19767035301338157,0.6161702174173959,-0.0035920171164118427,0.0025299262394660707,0.7876007618419737
42,310,-0.599624006679099,1.4525659717037052,0.11614987119840546,0.9915481705232644,-0.004987254780564368,-0.002670714589023239,-0.12961566304002456
686,43,-1.3045855603089027,-0.45250563861686316,-0.29526703984397906,-0.6630649361501689,-0.013229446336189263,0.005701089604449495,0.7484232557685071
42,230,2.0934959211452893,-7.924185063176426,0.6877391616794695,0.9752035686842323,-0.020261459790550503,0.000954001261036601,0.22037822658848988
44,311,1.9916865946008062,-2.991005340630645,0.4506065967587878,0.9233915992022682,0.009531473974566386,-0.0011092772610377952,-0.38373933213902894
687,230,4.750441800297162,-1.630787001389249,-0.03744162115439346,-0.6445807936135403,-0.0002883853467928846,-0.0011738255312105528,0.7645352441006579
688,231,-5.908369888788296,-1.7053380932605826,0.12655021603248875,0.36668938085760944,-0.005618097259582286,0.013106726189369648,0.930234136482876
231,313,0.25492907592091185,0.3418326246921413,-0.20533992985066213,-0.3111932738493564,-0.008167135936053038,-0.014886533883521147,0.9501949459508066
689,233,-2.946359169584063,3.566442734603979,-0.004238938860251627,0.9978077055906719,-0.00017213220639458295,0.0024356896166932212,0.06613486561923038
690,47,-3.8957508375707146,3.1630873478596557,0.1655193907602942,0.9280947861505439,-0.0042953633503425345,-0.005966601129821589,0.3722714297993095
46,502,-4.535597067044666,5.134758451610497,-0.1630723112454844,0.7978464821561202,-0.005014212919828457,-0.004236412422781723,0.6028249342799968
234,502,5.016691529137815,-0.821604875230216,-0.030815787010804938,0.5592642780469478,-0.0037488451847424156,-0.005241444602004466,0.8289643784378743
691,503,0.42235917429624953,-0.5177920489390582,0.18482576991476934,0.9988740142889825,0.009582568400394837,0.039568851814794775,0.024355367521847814
234,317,-8.154879884713907,1.1293753849683894,-0.5767191027706418,0.8047224497568928,0.0037110842721548897,-0.008681182152535181,-0.5935761482634091
692,236,-3.8875332118552963,0.08782380566470532,-0.03134396295077529,0.6482214211050772,0.0016838806848081833,0.0007340343709482741,0.7614496798606563
236,504,-1.3813037510474193,-3.7084187536275435,0.026486397879863895,-0.6463787601163957,0.003437812295967434,-0.0014869332334439434,0.7630075156553624
236,319,3.2627326202911298,10.229477962044056,-0.2533356561489576,-0.16024878471398316,0.00821873257615493,0.0016412783876966707,0.9870410759627926
694,238,-0.561685160586323,-0.5513913535146988,-0.028864185967225904,0.9427976838078117,-0.01256234788923436,-0.00510391303043599,0.3330895748802612
320,506,-5.429744986859723,1.0167799010155538,-0.3506674335574173,0.9260237922006307,0.04032427748099571,-0.01642313447016681,-0.37494555548529124
239,507,1.450226319629874,-2.1545838503486285,-0.3942552468738396,0.32808205655445744,-0.005254907802911185,0.043216410770748656,0.9436455330001169
697,509,-0.9667179850138687,0.6806283770059246,0.366676478919461,0.7731644931021651,-0.017552928979107173,-0.015160982404813134,-0.6337812760746784
698,322,-0.6120690962211344,-4.605344863483268,-0.218863739165396,0.6453240257069635,-0.0030229595965015226,-0.0002889643728219266,0.7639029258094432
699,510,2.7801554864684417,2.346737387848849,0.07092020087928634,0.7929935803886823,0.0008787136487359279,-0.005143006096487113,0.6092076483539529
700,326,8.942725076895083,-0.6025968832575372,0.2115226147948076,0.8874048691722167,-0.0011902864599677358,-0.008006086048531627,-0.46091982380210955
702,59,-1.7197836358803056,-2.7184271018056676,0.1370059835590183,-0.2990764940916158,-0.013635267283938678,-0.09296646168353104,0.9495917897549493
59,327,3.362480828351942,4.946928216014949,-0.9668506705472436,0.9835817194961416,0.0035572804610974323,-0.0025088752146179513,-0.18041078785342132
246,327,2.409453392177601,6.723995193341471,0.013704443136720904,0.9958553468217652,0.032702044672701734,0.0038250423420321555,-0.08478250722765902
328,515,-1.4737988593475153,1.995740473418957,0.6051691472316213,-0.5308563899214008,-0.005955476783971701,0.004603961292909779,0.8474283622326472
247,328,-2.6851482670860287,3.9691808654199265,8.282451422755006,0.9721463638196121,0.20335041467540627,0.08065537950186816,-0.08411162773990588
60,330,-4.631279457984214,14.326144549051058,-0.2384536160235406,0.9965013197386637,0.0033462664165566907,-0.000818232310023293,-0.08350600431141282
705,330,2.3898651778293996,0.21435214681559395,-0.2419520452573637,0.8656917644360382,0.0020986922579186718,0.004455028912642551,0.5005532111532329
62,330,-4.51042039138445,-3.973593811747773,-0.5097964367886336,0.036124856483041465,-0.003904880081555802,-0.01524385854601273,0.9992233841500395
249,517,-0.6474548793670021,-0.6783832412381813,-0.14567088575108708,0.9420208632931849,0.0038722823333335716,-0.002248330295618503,-0.3355244306466748
706,332,-4.145037743478642,-2.4289693147815807,0.2382441241476537,0.48172953740243424,-0.020838892871581294,0.011974227516359003,0.8759903031502746
63,517,9.069863542698394,7.848415243156502,-0.07662862031554761,0.5337867518874734,-0.008771604735674572,-0.0018354036601357475,0.8455716372686506
332,518,-0.5810844416386106,-3.8440847767974593,0.0501406377722085,0.0244134560884925,-0.0005420954938385685,0.008680996176902385,0.9996641083882464
63,333,-9.104458564944373,-6.603088728274365,0.28614988578310663,0.9352180551683283,-0.007133241334873161,-0.011015753550537037,0.35382899729804773
251,332,4.4573769638377945,-8.975880823122802,-0.04964955072777215,0.9952211836035862,0.0018362341114497444,0.00283828188610666,0.09758774567997759
708,252,-2.38258291607792,4.767933592714036,-0.0037237812266311485,-0.6076319997365655,-0.008892313404020823,0.006752295784316778,0.7941402181983408
65,333,-3.213738668803883,8.154249984315609,0.5933959654079088,0.6043298890890124,0.03958543242210353,-0.042734901025328294,0.79460185434466
709,252,-5.665232901922539,-0.9017423247683821,0.0029302847390153828,0.33163311915901034,0.0068625218715316775,0.0016833690266992365,0.9433819726596159
66,252,-5.058446820504588,3.7194582889201286,-0.14749554186840602,0.686083751320932,-0.005782709079214587,-0.009439531829179983,0.7274383421898716
253,335,-0.942615563987942,0.7776021001068475,-0.12315589821608101,-0.28047136889172525,0.001944909032964469,0.005097090284130008,0.9598468879105098
710,254,4.678203778615661,-0.20040211357106663,0.008999563160574053,0.6206585250355372,-0.004630506851528167,-0.005051945940713599,0.7840510388675099
711,336,-3.562004090700326,3.1758801868484055,-0.28056405061695305,0.8886192329209145,-0.0007994328391145308,-0.009394903299934683,0.45854874940639206
68,336,-5.106706273651674,3.4678160504262365,0.0315319068245574,0.8690816802240198,-0.00579279490612061,-0.0014795670311669685,0.49463247720663317
337,522,-13.034330818899816,4.578036341017873,0.14936007310451735,0.7981029913194169,0.005574144902579035,0.01886962424293909,0.6021997022886464
256,337,0.8437790944758118,10.672369763640187,0.6550256796258498,0.9412380024372052,0.040011979845807934,0.021593412464722964,-0.3346696711310521
713,257,-3.07835483368638,-1.9362495361405525,0.06917120717134906,0.7744617914208314,0.0017967465493711101,-0.0005343782748452336,-0.6326179097772472
70,257,-3.7745766141730095,-0.08021104744394258,-0.01648095875220348,-0.6951192085601288,0.006394034780554839,0.002445132003093566,0.7188618946219454
339,525,-1.5545411681404413,5.7843080550956,-0.38311502348987,0.1067620668484097,0.00037236400172082566,0.006794546275614268,0.9942613120142081
70,526,-9.55380521810262,-1.203340007290397,0.07147992788097235,-0.6234370916391688,-0.0040213103491862435,-0.0023653621729474725,0.7818595953835707
258,526,-2.429163303242504,-3.1437438182356052,-0.199866987995821,0.701152625483406,0.005596300523463403,0.001858942465171954,0.7129868312466149
715,527,0.7281948981225906,2.334856435952889,-0.01823144907821159,0.008775592326808149,-0.005607839816917944,-0.0040325853273697095,0.9999376377392137
258,341,9.639207189416725,8.401544987462408,0.12723744566457668,-0.3108551401217501,0.009323400314058337,-0.009912971174403934,0.9503598734526655
716,259,-4.140784991821722,-3.168402125589228,-0.12005922720794847,0.9084293013604887,0.006319999064243341,0.0066583089399415195,0.4179377094299851
259,528,6.18233832658419,-2.3702521755114994,0.09136010577110802,0.9999427818875731,-0.009680290463120756,0.0007366265815096217,0.0044924724562886206
717,342,-1.076406869069587,-3.3653337108389483,-0.08302217952231708,0.9905699914817301,-0.005597467123810586,0.006899093640665558,0.13671928483070855
720,264,1.3269719392518176,-1.9709824931733961,0.17011884855598264,-0.6851769503813533,-0.0021013560075372815,-0.008752640048241162,0.728321029671136
721,347,2.009072777885459,-6.654404775687201,0.5459934868630701,0.8077794891029134,0.0017802010739474338,0.0046030883949168015,-0.5894641120933497
264,532,-1.1495727365956159,-1.0165100123063338,0.07472274302989806,-0.08910552575272537,0.00475864919435298,-0.0020809611333882866,0.9960086496305827
722,79,0.5940727032559692,-0.7570459973729579,0.02932223545131228,0.4392561214045567,-0.002494563597561104,-0.0023328908732091354,0.8983553832316344
79,348,-2.6934907563160464,-4.974376863891268,0.1916788212007981,0.47264356952512715,-0.0009940452114576925,-0.0012451645693795767,0.8812522440401835
348,533,5.590287469458377,-14.565602343857583,-0.44297386684237333,-0.1174570052550422,0.004099703698310527,6.214411557489341e-05,0.9930695043571784
80,349,0.049746561052710636,0.115015444782966,-0.1245285180220553,0.07791015641136634,0.003336412550344013,0.007924263186918816,0.9969233079491094
724,267,0.4664117644323108,0.26600393610867507,0.16566985475064602,-0.5035463074533565,0.0004329918956426506,0.004124314431708349,0.8639582853347588
725,82,1.4551936379480066,-0.5966590018533202,-0.04406250753764337,0.9424223746287335,-0.0037105477356842763,0.005895703546524663,-0.3343524193337499
81,351,-7.19757138383506,10.123531036836951,-0.13481674142777758,-0.16308029985393513,0.0024182732179710135,0.004357229724087612,0.9866002140195012
82,538,40.025967549194796,-8.580389027757715,-2.380881613579126,0.8435010120096553,0.044323801541187154,0.029793023794135457,0.5344659194830169
84,536,-12.283741649477445,-7.733985917825089,-0.34351395803610163,0.9649541633380438,-0.01761279629070172,0.03623220831156633,-0.25930769202679915
352,537,20.688631766887283,42.17178474295623,15.989076709027582,-0.6382945406322905,-0.19683729296233748,-0.24965488900727095,0.7010760271846694
726,539,-0.20048528433177415,-2.9181967499191788,-0.22426432997178383,-0.4371831541469806,-0.0033217364785969737,0.015345324726286028,0.8992354401411841
85,538,8.369265496955503,2.5578627830338716,-0.415399645121082,0.975218720818112,0.011544477793887377,0.0074308019809301296,-0.22081656364564636
727,352,-2.779211291319117,-0.08445255461658607,-0.7032815627331838,0.7082757120373321,0.030504959713608667,-0.06090898106315127,0.7026414869595516
728,353,1.387204145709042,-2.040775557438365,-0.23619205563969994,0.8541244921645248,0.011699470115121475,0.008055298455936614,-0.5198745872328283
729,87,9.476984589187882,-2.314339732560965,-0.006493132686563898,0.8201564365061111,0.003304554173169781,0.005972173679554676,-0.5720986214988243
730,543,-8.614202243887915,-3.6581619510742267,-0.18529077643003286,-0.4478032696428996,0.0001861046093371051,0.00043054356853355474,0.8941319878487954
731,543,-0.03732257044849454,-0.5769776441488582,-0.15017345081635,0.506689284540486,-0.0027500843510610096,0.0018305942744990774,0.8621224129394355
89,358,5.147716738454629,1.223285837199927,-0.24427400293374565,0.9955120561103286,-0.00519492638909265,0.0006510580697067094,-0.09448986719319673
90,359,-4.889100313051752,1.7113552766851168,-0.27173081239384833,-0.34200715068632764,0.0004987758191181904,0.0003902861018573904,0.9396971361980734
735,92,-0.07046119295362839,0.3764214196239297,-0.10315952272016843,-0.36115355475311983,0.002197345727343703,0.0038363721309293084,0.9324958787092912
736,548,-0.6832112046605565,-0.6038275926799421,-0.052012677557596323,0.7361169142480567,0.0035781805803500586,0.008022855010590248,0.676797398768001
361,548,2.094736663933663,1.5975721604205984,-0.20185623802310299,-0.13184391147886315,0.0007104983076635587,0.0005326202437568917,0.9912700916066138
737,549,-4.589746755321681,-0.12879430849358742,-0.1170099085173244,0.9056206155932274,-0.014772525079630647,0.013263647531180991,-0.42362382932205794
738,95,-4.765268616947929,-6.117016667638212,-0.0738035793955858,0.1650307207554041,-0.021090558977487454,0.05064394729836572,0.9847615143429446
362,550,-0.6455647814103362,-11.836581681542723,-0.8141668107786006,0.8783258680273281,0.0006612005507630355,1.006976346620785e-05,0.47806195442272137
96,552,-2.7503294257620774,-1.4516110746214712,0.2168320434457322,0.9391990362564918,0.011056814456186764,0.014458406667660278,-0.3428904659298517
97,366,0.27341839612029284,-0.9547836377649657,-0.07413778352452886,0.8379233817275985,0.0052430858548971095,0.004448862698077133,-0.5457445593183657
367,553,5.697588092485022,-0.46635841642595594,0.3566978797351887,0.9663518680390073,-0.0024051862854240335,0.006098694246225463,0.2571402110618727
99,367,1.711591873531618,-2.466356722264889,0.14551278615077284,0.8999287360785327,-0.002802996499771638,-0.0012703822548698705,-0.4360261452248515
368,554,-2.0297984296165983,-3.505401572252158,0.0032625881164756293,0.6698575280399456,-0.022335926685587267,-0.00044963546771163265,0.7421534856990539
100,369,2.7740278658603033,-9.131493836077562,-0.31003332958294494,0.3429231325216127,-0.00897066006458921,-0.019329775331965636,0.9391217238596846
744,102,8.86296168104884,2.7652699193817214,-0.4671167917025551,0.9586933384024986,0.004138751807177918,0.004196305358534689,-0.2843806334079183
102,370,-1.4842820959445937,-0.9411775799637521,0.5549498757816619,0.9423744501900325,-0.01716485753740314,-0.05745829989261391,-0.32914177350832463
745,370,2.24288418345966,0.6490494749912331,0.24640267714625655,0.6667919491566245,0.005146987678509254,-0.004953283375612079,0.7452096819295545
371,558,-0.42174207563477745,1.1217034198770266,0.39924429295961805,0.9746022437548401,-0.016265474821768294,0.006209205293138189,0.22326519336090295
103,558,0.5630144674857163,-1.8219309549633276,0.013625872600074489,0.6384572399433897,-0.0034671716488438586,0.00127248962078187,0.7696484341923859
747,559,1.3526773947682609,-0.14992538627141433,-0.09761214427007568,-0.5797322921418275,-0.003701209937203724,-0.002758938425609881,0.8147939363739444
373,560,0.35331779572662414,1.2208024796388435,0.15185665003864401,0.7832304528262124,0.0034778613286288017,0.0034355493357280447,0.6217122801159607
374,560,8.946352090083368,-0.2852845309975631,0.20358251929405521,-0.5561519654557231,-0.00022023001622152076,-7.015846527249845e-05,0.831080584477983
750,107,-2.2694151519085506,-2.3234636751231665,0.03264312338715891,0.9602347060245959,-0.0008104097287837293,-0.00023839165128903902,0.279192757340426
375,562,-1.3208085436563453,-1.9495934876819443,0.061869540639191103,0.9966026068226962,-0.0009063892813097431,-0.004877913837098816,-0.0822108781687367
108,376,4.14923133717766,-3.361705873104981,-0.03389340798685448,-0.30908467387725347,0.006102780178838494,-0.0049313736644433755,0.9510021566758207
752,378,13.711455867922565,-2.462491469902011,-0.10129774692739092,0.3747715394792049,0.0028327223684581444,-0.014102596833335198,0.9270056017322259
753,110,1.5313309117702951,-0.37622033395733356,0.36133601686010736,0.40811946246218894,-0.0095198035450129,0.020180258428833083,0.91265581402289
379,565,-1.921507609568656,-7.232657116219011,-0.23921299377756028,0.9943611564872098,-0.0026092057117510724,-0.0005833362859042979,0.1060129342757296
110,567,-17.198900244373075,-4.999677552848258,0.08472692929127462,0.11902052486884587,0.001423523391494772,-0.0008530241716337668,0.9928904071401138
380,567,2.356455431687627,0.2714933120359773,-0.16487767308846907,0.9873341048875948,0.002336561573365473,-0.00986319095428211,-0.15833074012972082
112,566,-2.5665554428263646,-12.40792443569587,-0.1403623800604351,0.8767582662558148,0.0052505812532543,-0.0018449514970056335,-0.48089912674341034
113,381,6.648821744389591,3.2626856214964253,0.20349642771070064,-0.6083352269634793,-0.019742149739144683,-0.009158078328833693,0.7933817673480354
382,568,13.362447945551702,-4.979784441788529,-0.376563627444974,0.18238383133783087,0.01990226058816053,0.028655155020913266,0.9826082231391827
114,570,-2.530017831886934,-7.329722007326971,-0.17527694819565695,0.9945602966666657,0.0034168404787152983,0.005799401713615397,0.10394473740993815
759,116,3.092094266004253,-1.541571378454827,-0.2054919074464457,0.8542219894089881,0.011605415226980808,-0.001000291483234078,0.5197779396670357
115,385,7.1184472028704375,2.596912509199838,-0.0006186273951441966,0.5586527703116171,-0.0036773339457894477,0.004111031457542678,0.8293833003253451
117,383,-9.96812195392982,-10.86097758317265,-0.12813054818505612,-0.4157217280914246,-0.01508362589883215,0.00039776413997797273,0.9093666866595195
384,572,-7.03292433772168,-0.29489861306223936,0.09844417247330679,-0.4228503205919464,0.00443152842743659,0.01738455720704038,0.9060219341173812
760,118,4.366517159018228,-3.4822124294917685,-0.022148008679430734,0.9006092944686812,0.004688472414645707,0.0010346439679134276,0.4346030907102491
115,387,13.832059488907495,7.223394485615133,-0.22569730498630522,-0.22439071291814122,0.0011964674602819496,-0.0030326408967237574,0.9744938068099235
118,385,-2.05505267651822,6.757427619740242,0.16886048407839963,0.9996153247131787,0.022665343187522852,-0.011058279441089544,0.01154119892215593
119,387,-0.9709588145046693,-3.5738490977989628,-0.11757235731675963,-0.44080524857470926,0.0005783661670650147,0.00043457001733810985,0.8976024785340476
386,574,5.8296918586018,-0.19093136738594077,-0.07659786462887502,-0.26188648986261726,0.002835187104228797,-0.0065731419650937005,0.9650721330274893
761,388,-10.53713629767101,0.885592480179566,0.5309107187472321,0.9912933562803867,0.0956883391551516,0.047171238514641826,0.07717575915460491
762,388,1.5246309497739876,2.8634193080280235,0.2163110371447378,0.8662106109873151,0.07676530378990208,-0.03392969870727181,-0.492579984462077
120,388,1.6815003625629488,7.077686223513732,0.14207805866920517,0.8234852499643182,0.014754622093483076,0.006492710610373724,0.567108621806275
121,577,-6.784607653602398,-6.315854009370357,-0.13006105343047678,0.43268683720027634,-0.02658987418558763,0.007999482065008761,0.9011165783577105
765,578,-9.7698608859007,0.0674820442121997,-0.027280708376776337,0.7675167161084169,0.0025167402416905135,0.000856821681934858,0.64102341795703
766,122,7.614208122096246,1.3945641037501717,0.11717400003566007,0.7568832282100112,0.0004970589201574206,-0.014023816131251117,-0.6533994676826259
123,578,-2.5833295789286885,0.21511624021453515,0.02001469685639099,-0.6365891072834405,-0.0017563251932821004,0.002482467553630027,0.7711971610196272
767,580,-10.196412513556652,0.16064960536761067,0.06993402237628361,-0.023559348703532466,0.0006262822229166382,-0.006520910139550489,0.9997009765875966
768,124,3.6009493591410076,6.188118757674534,-0.10500637488857444,0.4750617175118319,0.0009962114163136583,0.0007740770209330561,0.8799515741916075
769,125,1.0557785954363386,5.370233176383106,0.18118439272470657,0.8830691495435026,0.006848963383691106,0.0034468688900503195,0.4691802296771878
126,580,-0.018202563934373913,-12.657040890902923,-0.08659945137011067,0.6483595423524994,-0.0027828095988411813,-0.005125091599826146,0.7613119552767365
770,582,3.119596122092855,0.6561417919858563,0.05843506723765574,0.977284572525238,0.004013213635047573,-0.0047488974741553185,-0.2118400490777468
771,127,0.3723772564364022,-4.732780200048343,-0.01795672858711041,0.9980402754230897,0.0021521969999190775,-0.000283606207634096,0.0625371589456681
128,582,-4.426112400574436,-12.481701505280446,-0.033129972980156706,0.9312138675338849,0.00036388371387164237,-0.00046885572742401616,0.36447274339178504
128,398,4.126683895136743,13.440507160887618,0.07695833922727573,0.9766533343130063,0.00020078549334385794,-0.000836176133763406,0.214819750185932
773,585,28.173632994949056,30.788168297825585,-3.798062561628254,0.9177003302915636,0.07675004610355543,0.31937958488239204,0.2234551744001645
399,584,5.853021323726784,-4.438860108329458,0.12566533567850607,0.9602361302194344,-9.118617726130221e-05,-0.0018703909447169023,0.2791828568232658
130,586,-1.4728898751550572,10.40638122971095,0.06888810293203482,0.7844663712705221,-0.004476168341922487,0.0076330509591986,-0.620108226679576
775,131,-3.8002868478539096,1.0905088673641061,0.10451354867059637,-0.6953670262218766,0.0022914773832641722,-0.0020396969244388867,0.7186482363515565
132,587,1.0833838282048114,-2.4813751894212754,0.2088883211841519,-0.3459068281969477,-0.006894703714966471,0.00035015591352183624,0.9382434687533117
132,401,-1.738872598702416,5.442944436568723,0.04168561729017448,0.7087336833979174,0.005370822805243099,-0.003792576469043368,0.7054454880735589
777,134,-4.34829539934393,2.9728651252044993,0.03505323041974019,0.33560790106744276,0.0009217784666427355,0.0056152249935690615,0.9419845839045539
778,590,-1.5466570389159973,1.2958595328532192,-0.056981527585743506,0.9988635755454441,0.003227626870047698,0.0016074576886966412,-0.04752426699211098
135,591,2.8151112946198027,-2.393615234137548,-0.11170291964359223,0.9974422713844098,-0.0007334932593782421,-0.00017945488490780505,0.07147268736442206
780,592,-3.2831063951536446,0.08602252144568898,-0.08245526231187825,0.8331058415923613,-0.004786680851486884,0.003446270387725968,-0.5530821526785366
137,405,3.261929986311232,-1.7555922757684506,0.2101379134737331,0.9431129225871856,0.01834409921044268,-0.02127837763403284,-0.3312834736573473
138,591,-7.930015521953626,13.26788221262653,-0.22783117332814753,0.9814957826216809,0.04260276920850734,-0.0037380036876321927,0.1866468860711374
406,593,-2.971423532117431,-2.970611979967957,-0.313090643689495,-0.3369891544705466,0.0018494246259802515,0.02289077641501125,0.9412284004177185
781,407,1.9371872741901315,1.9994563834479806,-0.14028803868133,0.25829659301234775,0.0022302248683232404,0.01640839360717564,0.9659237344399828
138,594,0.6218946650776316,-5.180758738134683,-0.24076127223881483,0.8257375377664278,0.0010698639127219233,0.005144303404932426,-0.564030061483538
407,594,-4.822199004303535,-2.648919185939073,0.7068731034334893,-0.4104099670988839,0.007322289340093999,-0.04483665006967393,0.9107687509984312
782,408,-0.6326381776530247,-1.0406207654519457,-0.07985144381828704,0.7775525460009572,0.0007834371569635202,0.013929115206107385,-0.6286631881884173
139,409,1.464386979269728,-3.913539566981448,-0.6973263415826835,-0.3338713609034171,-0.005328799176130109,0.0027259310950649134,0.942599643309664
406,595,-8.408234913938648,-10.040313011941581,-0.09461285471551838,-0.612885698489508,0.008529501100482704,0.022398085997235657,0.7898080108112763
783,409,1.9673410310184893,1.434684614374854,0.12278104908580278,0.9492406992228954,-0.0062789852949522796,0.0029849919964157435,-0.3144737812684476
784,596,0.7144725249837359,0.5576309662385756,-0.03305332326842465,-0.24747680416792572,0.017919748730072422,0.019390571114385236,0.9685340054722598
785,598,2.7208539116478887,-5.974684176326503,-0.1555825546884957,0.9548445642061422,0.0002243264656062764,-0.013489372560154466,0.2967993340820569
411,597,5.946296862539818,-6.263785758531075,-0.02524429226657113,0.847544186353198,-0.0042535954077887565,0.0020620222203398385,0.5307037847701533
143,411,-9.781723926373903,-0.9013760195726821,-0.105704065301168,-0.38526819415326846,-0.0009259713176763162,0.002677379276240807,0.9228002995183788
787,599,-1.0660984732330554,4.017876705997755,-0.03845654650087691,0.8057386497958405,-0.0029280671554995246,0.00040233558195400054,0.5922638709004527
788,600,-0.8789581222490696,2.5951873608075133,0.0034157755976659595,0.764590990621003,0.0049378590458490695,-0.008031438530126587,-0.6444468407901256
789,146,-2.2803277941538167,2.4488745251169166,0.0785262423481234,0.8894507802978194,-0.004254971541796891,-0.00627536818393144,0.4569680780962001
146,601,-1.4918072927424368,-6.231853053158356,-0.3440790441346492,0.9572262666948975,-0.0009637098445246577,-0.008341172336440399,-0.28921855137030594
146,417,1.9577386150809006,17.68798308963083,1.3643014248659655,0.9927944303818254,0.0106438650688879,-0.007903338394438526,-0.11909435075369923
791,416,-8.564556109760547,-0.9952137012791357,0.0057320553484062065,0.9803668200135067,0.0002602761487842265,-0.0034269819018740233,0.19715244423535622
792,604,4.407124403462028,2.2416910107778936,0.877342444735491,0.6903246943256561,0.07859913101417211,0.017349948447347108,0.7190083256102677
793,604,8.90040267095927,-6.977689841432104,-0.4829621245410163,-0.5151715237908318,-0.0501085686974397,0.04596126675508093,0.8543857409720711
794,152,7.771028554925053,0.8834725481963184,-0.008431029273041266,-0.0699564580321466,0.0001552837363583259,-0.00036558666921849664,0.9975499667750708
151,420,-4.431063561959476,4.107731118203687,-0.03509731053684398,0.7253510795677182,0.0012267331944584002,0.0012452132832473323,0.6883768996265742
795,152,0.4833310283260526,-0.5925404900592625,-0.348449577485999,0.9548445305564822,0.007340825006024897,0.004996958806953436,0.29697317245381527
421,607,-1.7775601368089025,7.367031586412698,0.12256226446145836,0.9673903819780866,-0.005121540628941613,0.003063538501125544,-0.25321973345245047
155,610,2.092741943882982,2.1076526204876207,0.014465602965095565,-0.4067215285665709,-0.0017704148228833826,0.0014357729014339087,0.9135493431599645
155,424,-4.23693923126642,-3.2409579515280327,0.09737560173701064,0.9975077583887199,0.0033597188740172495,-0.006358973619591446,-0.07018937026291328
424,611,-1.6879123144594559,-0.8441271498429891,-0.7540013187177051,0.9801942902875651,-0.042804805120365455,0.02444608175460831,0.19180534672712107
156,425,2.9924906185799056,3.9715945726982094,-0.013297427199859347,0.4082621259084379,0.00459659107031188,0.016227319669438082,0.9127089251210382
800,157,0.5666343940399098,-0.13880422080409557,-0.3893783170233581,0.0928608930833115,0.012991648293303439,-0.00649496749630772,0.9955731449811283
426,612,-2.326605475955565,8.962565891951293,-0.1315100913732218,-0.6482973723927337,0.0014624541494303747,0.002673216418290306,0.7613811345774985
158,426,3.879147981356232,-4.125412540455243,-0.3019204021115383,-0.23558421996478018,-0.003022139018393754,-0.010016029082482477,0.9717976235517137
802,428,8.596656758839345,-0.472824362847974,-0.07315141244919829,0.3275270882787816,0.003350662409660756,-0.00589244979973089,0.9448174736637746
428,614,7.525743522544785,4.729254841938058,-0.4234660637487706,0.9888837120877055,-0.006855243635925794,0.010159944171769356,-0.14818496933481032
804,161,0.03259723980871524,0.031501701847586105,-0.07673067752317046,0.17674600404315885,-0.0012534735261943446,-0.0020145942635285347,0.9842536361471307
161,616,5.050846403855102,2.117069689326424,-0.030639519580889937,0.9980045603924705,0.0006837267511113392,-0.0010606560858220592,-0.06312927183350787
805,617,4.9700469198969515,-3.6623776362180287,-2.0251152993943666,0.12826929234876946,-0.0012411229382242148,0.09525651510017936,0.9871533034869343
430,618,-9.010130653460383,15.78398059176299,-0.8072499070759085,0.9936042062972178,-0.004363436658204661,-0.1124627847332853,-0.00915225103679098
164,432,-4.247893785372443,-2.182457732410969,0.025495837325187468,0.9654882640933605,-0.0007387546871605783,0.005204461633295788,0.26039350936344186
433,620,0.011325881420889165,0.046205557022615376,-0.31312832689209286,-0.16259127461648687,0.0006550279065662156,0.004415508289171666,0.9866834100376758
809,286,-0.31895792709985393,-5.232260414464496,-0.3199623196585206,0.5028045804008647,-0.03348943696423579,-0.06078679231490017,0.8616095272336501
167,286,2.525964453160105,-4.583543388637232,-0.20661867108004894,0.845295590541147,-0.027082218658019807,0.02834519777674189,-0.532858769100453
435,621,6.983265838645181,5.304597520808872,-0.07487443994871344,0.962443311343383,-0.0011947456599015745,0.0019176925032736937,0.2714733273982085
167,622,-0.3237008126864318,0.32968610361771616,0.09402000289059768,0.9731913440778343,-0.0008216186934787832,-0.005103712687355432,0.22993887203234212
168,623,0.05454466039077769,-0.9407858214718616,0.11431969859553744,0.8301612593476208,-0.0034470282241582237,-0.002942141656372822,-0.5575049284780071
16,168,0.47146704337828843,-3.2287622080027867,0.43220912306224935,0.8327882919224043,0.09115533825106027,-0.05213952219382967,0.54354009545819
169,437,-2.8886711872928417,3.1078494477581864,-0.11928512580278695,0.9725608819951614,-0.009897236678594946,-0.0021157727448932345,-0.23242826640624767
813,625,-1.8039239226593884,-2.1967112687470354,0.20121593002214327,0.8437085791472776,0.00737172247396996,0.02781880485693141,-0.5360294817240753
814,282,-1.6118730554302565,-4.840330485951013,-0.25375678781494526,0.9954090367510274,0.0033528550045614724,-0.032763119114655556,0.08986760230243662
171,200,3.265956455022628,2.696797368481899,-0.03071551630326142,-0.6788438664839918,0.022588261084761797,-0.021670672357752153,0.7336151289046552
282,438,3.753380155079824,13.449635052295813,-0.3377368451275146,0.9943117740118983,0.004897499325976668,0.025904977130869502,0.10319419906909959
815,198,0.8054939245079766,-4.922467696416745,-0.6622026123208403,-0.675217127005912,-0.03444365794581264,-0.0019106658920381677,0.7368119266007052
172,628,4.2323483410464044,-0.06950076908705195,0.10823093751496829,0.9735992488893788,-0.003298706085666366,0.005601658824181577,0.2281715199550882
198,440,-0.7631663642419649,-0.44340942521999194,0.4612595674239614,0.996079382679115,0.025378082654268073,-0.03040698893561349,-0.07910266333225414
281,628,2.1951002853054358,3.8302281191710312,-0.4999530523911411,0.8920516491436424,-0.0945753948953324,0.029424052591802922,0.44094622695922314
816,12,-3.81835360637886,-1.548157709118018,-0.6788367925083186,-0.4967004163672734,0.012918950172104456,0.010010674062914202,0.8677681623059432
12,173,-7.043884925531481,0.7732396107879151,0.30655712414545383,0.879488080954688,0.034980723810883914,-0.009418854237272713,-0.4745401454093889
279,628,14.580062770710772,1.9263806682828195,0.8424163531728047,-0.4068348677069097,-0.03277288025142984,-0.027039367403110068,0.9125131239321254
817,198,-1.9299556249023426,-2.8365766339209557,-1.3427599831979484,-0.4272418902160191,-0.05387693446649894,0.022192189410302442,0.9022578067860165
10,174,4.647019260428843,-1.4252761266041265,-0.5424239520854875,-0.5787136367752835,-0.05591487405263157,-0.07832058738477712,0.8098332785590543
11,173,-3.5403767123067587,-2.641660621337911,-0.014780624950747124,-0.4504592899274254,-0.028082463724204466,0.02216178511783541,0.8920799620155412
198,279,5.697124911810925,4.902590320827189,0.06217326822440323,-0.19822444460075794,-0.0021608410944019326,-0.0016318641455842235,0.9801529152881687
443,466,11.461275992325628,3.805834194503234,-0.773273813440423,0.8049011965682625,-0.0018629194573642756,0.04615572485654152,0.5916081831390113
818,278,0.08318067808802822,-2.905708498176103,0.2532641013844527,0.4674857897898813,-0.04742874157968352,-0.03028504943747532,0.8822076663673174
9,442,14.620661418614937,-7.711397920169438,-0.08912710688074156,0.5514471882110858,0.005661858527265406,-0.04221992582643381,0.8331214916417142
175,631,4.053496486904971,0.7021784870824213,-0.1239209943213681,0.9251617938506711,-0.001024544598672431,0.0033804620836765296,-0.3795565543940379
443,631,-6.1215955513290945,0.4274288235071725,-0.024141653188797203,0.5172206127650677,-0.0006318845665220919,-4.480467820793655e-05,0.8558518776314994
820,176,-1.9231321270283763,-3.0824954641681717,-0.068973577712648,0.835552948844901,0.026614785617230415,-0.0022888774102763237,0.5487601333035591
821,193,-1.387328078637329,-3.2281773572837245,0.05326526711378242,0.6083031567274657,-0.028715264026247238,-0.03830650765482322,0.792259625753196
178,445,0.3275487894239307,-1.851200029827447,-0.3880006682136283,-0.6974657196669245,0.11214051835788535,0.01666270323449085,0.7075934060976284
822,446,-0.21105700929936555,-4.335516840042558,0.17819983908236206,0.806906899784576,-0.013868304022733332,-0.005302975474682821,0.5904920013638562
823,447,-4.65645914988835,-4.28101096483509,-0.22799029991468392,0.966805493675991,0.012197748306820187,-0.01800108321799718,0.25458655372416217
824,182,-4.25677381860074,3.369801513552524,-0.1838450655653985,-0.31873539439642135,0.030154469829846504,-0.004642985691839018,0.947352573750715
181,450,0.6477182113271807,-0.9558044718056822,-0.9128967417713985,-0.5600258429106306,-0.006158706703462551,-0.00496006705284485,0.8284373985635908
825,182,0.08323833110938594,19.249160592820218,0.6451117253949443,0.9415435281719886,-0.0015370784776480519,-0.017589350774862036,-0.3364283529765528
183,451,-0.11095659763110086,-6.243904464678726,-0.15894136368903214,-0.1390654592912688,-0.004986483120382808,0.01219291230879351,0.9901955695253482
826,639,-2.6806954062059973,3.5498745380308963,0.08204521367670213,-0.540160432624653,-0.011367392814476364,-0.00018214339284096452,0.841485267982235
184,639,-1.2126315781408172,-1.9869780393809657,0.13483679545278998,0.9379064924254381,0.01931135298127868,-0.00464646375758116,-0.3463190631293544
827,268,6.096931363743283,-2.37049693560774,0.38261013925558257,-0.15272564467385616,0.0291297380327653,-0.03118175902408296,0.9873469672436642
185,454,-0.1573340800165618,-5.857849907553851,-0.6918150254901498,0.7092033727542486,-0.013950681058237288,-0.054838228432351636,0.7027294808633056
268,639,9.777198426268518,-4.121042514256341,0.2094246708543956,-0.6313336307578291,-0.033837671841072725,-0.08250107015000856,0.7703677252212844
